80000
1
79942
79924
79877
79913
79882
79874
79848
79836
79805
79769
79767
79742
79741
79635
79630
79594
79587
79560
79521
79516
79496
79481
79425
79423
79410
79405
79397
79395
79365
79357
79331
79318
79196
79177
79162
30411
79154
79141
79106
79076
15394
79073
40039
79050
79031
76987
79017
79009
14855
79003
78989
78924
78920
78892
78850
78822
78814
78807
78799
78777
78759
78752
78740
78688
78681
78673
6423
78662
41999
78623
32265
78528
78520
78504
78492
78418
78400
78389
78378
78356
78344
78280
78261
78252
78240
78182
78181
78177
78176
78164
78162
78157
78146
78083
78080
78055
78039
9591
10973
78003
77992
77979
77971
77969
58657
77957
77940
77930
77915
77903
77901
77873
77848
77795
77792
77763
77762
77748
77732
77727
77672
77617
77612
42753
77593
77526
77489
77471
77464
77435
77415
77410
77405
77326
77306
77288
23722
77270
77252
77240
77209
77174
77161
77141
77132
77099
77081
77043
77038
77013
76968
76952
76945
76942
76936
76928
76918
55641
76899
76895
76881
76870
76862
76853
38312
76849
44739
76841
76819
76814
76802
76801
76735
76696
76691
76679
76677
76654
76630
76607
76571
76545
76518
76514
76510
76502
76442
72351
76389
76387
76379
76336
76280
76267
76238
76233
76220
76212
76187
35673
76117
76101
76094
76070
76059
76057
76055
76053
76046
76037
76033
75993
16155
75982
75974
75958
75942
75930
75924
75877
23100
75863
8150
75800
10098
75763
75733
75732
75665
75648
75646
75611
75602
75585
64662
75564
75545
75536
48970
75491
75466
75446
75388
75373
75289
75283
75272
75267
75244
75228
75224
75213
75206
75190
75188
75187
75159
75148
25864
75117
75111
75109
75063
75046
67607
75027
75005
74994
72505
74983
74982
74976
63800
74946
74892
74890
74858
74800
74736
74707
74698
6111
74664
74643
74586
74580
74565
74546
74518
74512
74488
74477
74429
74396
74363
74269
74252
74234
74230
74220
74215
40016
74184
74172
74162
41981
74129
74125
74115
53372
74099
74095
74069
74054
74050
74035
74031
74026
74018
74014
73963
73957
73915
73834
73811
73806
73799
73693
73688
73685
73643
73622
73596
73580
73544
73539
73511
73487
73472
73466
73399
73392
73376
73372
73355
73351
73344
5739
73336
73295
73286
73265
73256
73253
73186
73184
45206
73180
73170
73162
73161
73087
36364
73072
72989
43554
72986
72966
72948
72927
72923
72875
72873
72858
72849
72828
72725
72712
72701
72688
72655
72613
72580
72574
72542
72507
13152
72501
72481
72469
72453
72441
72377
72355
72350
72285
72279
72266
72216
72195
72185
72179
72155
72139
72117
72106
72053
72043
72034
72029
72007
72005
72004
71961
71907
71901
71887
71883
71870
71866
71865
71830
42835
71828
24610
71809
71800
71765
71758
71755
71754
71710
71683
71674
71666
71655
71631
71621
71571
71560
71559
71549
71544
71508
71484
71442
71410
71397
71356
71330
18621
71295
71294
71290
71268
71264
71241
71220
71219
71198
71195
71194
25393
71152
53844
71151
71150
4708
71146
71121
71098
71086
71081
71071
71041
71031
71020
71012
59567
70996
70970
8121
45580
70957
70936
70932
70920
70910
38677
70884
70864
70838
70833
70829
70817
70808
70790
70788
70786
70778
70757
70744
70742
50641
70707
70698
70690
70687
70684
70682
70666
70661
70605
70594
70573
70537
70525
70429
70419
70407
70405
70375
70347
70322
70305
70292
50777
70289
70278
70265
70226
70189
70174
70159
70137
70106
31260
70103
70071
70058
70008
69999
61217
69977
69975
69925
69919
46000
69882
69867
69838
69828
69803
69780
69750
69742
69740
69738
69731
21646
69727
69723
69717
69648
69635
69588
35214
69579
69545
69528
69521
56117
69497
69484
69462
69456
69408
69404
69396
34292
69394
69367
69340
69331
69319
69312
69294
69287
69257
69245
69242
69181
69164
69149
69114
69088
69037
69033
69028
69018
68984
68982
68967
68966
68948
68941
68927
12194
68926
68902
68894
68880
68848
68841
68820
68797
68794
68791
68760
68749
68738
68720
68711
68695
68693
68683
68659
68651
68645
68638
68607
68601
68579
68577
68564
68553
68526
68525
68481
68450
68426
68397
68377
68358
68353
58119
68346
54802
68258
68214
60828
68190
43262
68179
68125
24640
68115
68111
68103
68083
68081
68075
68050
68007
67998
67996
67980
67942
67920
67903
67892
67859
67854
67804
67803
67781
67780
67775
67774
67716
67715
67674
67598
67593
67590
67577
67561
67539
21145
67493
63445
67490
67424
67407
67404
67391
67380
67334
67264
67221
67147
3509
67142
67128
67118
67114
67108
67095
67055
67039
549
67031
67030
66998
66959
66945
66932
66931
66908
66905
27736
66883
66876
66868
66861
66860
66857
66830
66827
66809
66806
66755
18853
66746
66734
66728
66702
66696
57045
44325
66650
28645
66639
66631
66599
66589
66567
66547
66527
66514
58829
66506
66502
66467
66419
66385
29820
66360
66354
66319
23801
66318
66278
66249
66213
66209
66184
66154
66136
66089
66084
66060
66033
66028
66005
65986
65967
65903
1743
65897
65881
65861
65857
65853
65807
65774
65773
11552
65772
65732
65729
65707
65698
5787
65674
65652
65619
65612
65575
65570
65534
65514
65467
65465
65460
65408
65405
65376
65375
65347
65346
65315
65310
65300
65295
65286
65272
65247
65244
65241
65203
65195
65194
65183
65163
65152
65132
65104
65076
65067
65029
65017
65010
64994
64964
64940
64930
64870
64869
64840
64817
64809
64775
64770
64756
64744
64724
64675
64659
64622
64578
64554
64521
44807
25489
64502
64497
64492
64476
64470
64454
15128
64432
64430
64429
64410
64409
64349
64283
64282
64275
64246
64229
64205
64186
64183
64144
64125
64107
64080
64034
64027
64017
64004
63970
63968
63966
63962
63940
63921
63920
312
63899
63891
63890
63858
63856
63832
63827
63718
63687
63677
63661
63654
63649
63584
63477
63434
63429
63377
63352
63349
63347
54138
63341
63336
63309
63305
63282
63264
63234
38287
63224
63187
63185
63168
63132
41587
63032
63026
62995
62942
62901
62888
62860
62840
62825
62815
62794
62781
34303
62770
62762
62756
62735
62717
62700
62642
62635
62591
62565
62552
62501
62484
62478
62450
11920
62439
62386
62383
62379
62374
62370
62331
62322
62320
62309
62296
26439
46404
62286
62283
62275
62274
62267
62249
62210
62209
62112
62031
62021
49580
61994
61991
61990
61948
61929
61928
61910
61909
61907
61902
61893
61888
61810
61784
61755
61731
61730
61683
61664
61654
61633
61629
61616
61605
22908
61600
61593
45627
61571
61566
61561
56830
61543
61534
61511
61500
61498
61481
61469
61460
61431
33248
61403
61351
61348
61300
61251
61250
61249
61182
61181
61166
61156
61151
61148
61141
61136
8336
61111
61094
61088
61081
61077
61067
61062
61055
61025
61005
40716
60964
60936
60935
60928
60922
52075
60914
60912
60911
60901
60899
60888
60882
60876
60871
60868
60841
60837
60826
60810
60807
60800
60764
60722
60721
60720
60698
27560
60695
60680
60663
60640
60622
60591
60583
60513
60503
51426
60452
3756
60449
60442
32924
60427
60425
60408
60354
34756
60332
60294
7009
60288
60284
28992
60279
60267
60237
60214
60194
60193
60192
13276
60174
60155
60109
60092
60066
60050
60046
60027
32298
60011
59996
59976
15771
59969
59968
59945
59942
59940
59900
59865
59858
59852
59803
59735
59726
59674
59664
59599
59592
59589
59583
59530
59508
59502
59455
59446
59444
59439
59389
59353
59311
59179
59156
59123
59095
59078
59049
59045
59032
58962
58941
58925
58914
58868
58847
58825
58792
58783
58755
58754
58747
58725
41365
58689
58675
58645
58629
58590
58581
58575
58544
58542
58512
3966
58507
58494
58484
58465
58457
58363
58350
58341
58334
58324
58317
58315
58300
58285
58261
58187
58175
58134
58106
58053
58044
58028
58023
58022
57993
57984
57963
57892
57868
48774
57855
57837
57836
57801
57736
57732
57693
57675
57651
57627
57589
57552
57547
57545
57499
57476
57450
57431
57424
57423
57407
57388
57378
57339
57331
57326
57278
57271
57264
57243
57197
57180
57166
57121
57114
57112
57091
57051
56988
56965
56918
56890
56884
56880
56846
56837
56825
56806
56786
56754
56709
56679
56656
56649
56638
56613
56591
56586
56577
56547
56546
56543
56532
56508
56500
56496
56492
56437
56417
56405
56398
56319
56317
56260
56245
56238
56165
56159
56142
56127
56114
56087
56086
56067
56025
55975
55970
55958
55954
55947
55940
55922
55908
55896
55870
55849
55828
55824
55801
19614
55799
55795
55752
55729
55712
55705
55700
55669
55656
55650
55645
55633
55563
55561
55507
55488
55480
55459
55427
55421
55417
47708
55386
55383
55340
55327
55315
55307
55294
55277
55264
55259
55242
55229
54642
55195
55186
55159
55149
55086
55084
55061
55044
54989
54978
54966
54957
54929
54919
54878
54854
54779
54772
54763
54749
54728
54707
54690
54664
54650
22778
54606
54599
54535
54527
54494
54492
54486
54481
54414
27455
54404
54383
54309
54307
54305
54267
54256
54228
54198
54181
54145
54095
54080
54078
54051
53997
53995
53914
53890
53882
53881
53856
53852
53845
53838
53831
53807
53800
53793
53772
53768
53767
53758
53756
53707
53683
53657
53642
53623
53576
53569
53566
53516
44856
53501
53477
53461
53445
53423
53420
53341
53305
53283
53279
53258
53250
53233
53216
53214
53129
53111
53108
53094
53062
53059
53054
53027
52997
52962
52935
52884
52878
52852
49110
52837
52833
52779
52749
52746
52742
52712
52650
52644
52641
52627
52625
52607
52583
52531
52522
52377
52356
52332
52328
52320
52315
52305
52297
52293
52278
52272
52259
52237
52172
52171
52161
52157
52149
52146
52140
52112
52103
52087
52076
52062
52047
52013
52010
51993
51983
51933
51902
51867
51846
51845
51834
51815
51782
51748
51735
51714
51665
51663
51640
51583
51554
51550
51515
51480
51466
51462
51448
51414
51408
51369
51327
51266
51265
51227
51218
51217
51207
51185
51102
51070
51066
51046
51041
51030
51027
51024
51020
42494
51014
51001
50998
50979
50976
50862
50859
10875
50851
50833
50828
50826
50814
50803
50780
50772
50720
50718
50701
50683
50682
50675
50673
50583
50543
50506
50491
50466
50463
50424
50386
50342
50338
50331
50330
50327
50309
50265
44659
50263
50243
50239
50234
50204
38169
50194
50186
50174
50169
50154
50132
50121
50116
50108
50105
50104
50077
50059
50016
49999
49983
49941
49936
49925
49875
49841
49825
49813
49791
49772
49692
33065
49649
49645
49623
49608
49605
49582
49545
49500
4604
49498
49490
49479
49454
49441
49420
49393
49363
49359
49345
49344
49333
49303
49286
49271
49225
49215
49208
49195
49174
49159
49136
49124
49103
4814
49064
49031
49022
49004
48949
48945
48928
48915
48893
48889
48871
48855
48828
48813
48805
48780
48752
48736
48681
48640
48629
48615
48531
48501
48482
48477
26010
48467
48407
48399
48374
32164
48368
48338
48295
3547
48285
48251
48239
48233
48216
48213
48204
48152
48148
48145
48125
48116
48056
9905
48026
48025
47999
47993
47970
47965
47963
47947
47932
47928
47926
47903
47902
47872
47855
47853
47849
47837
47801
47761
47748
47711
47706
47685
47684
47601
47571
47562
47551
47520
47518
47472
47458
47426
47425
47424
47394
47388
8202
47371
47335
47285
47284
47276
47263
47256
47251
47248
47236
47211
47187
47144
8604
47138
47107
47105
47093
47092
47071
47045
47002
46995
46988
46977
46970
46969
46967
46962
46953
46905
46894
46880
46870
46821
46802
46793
46768
46767
46759
46748
46741
46739
46722
46718
46704
46700
46679
46676
46656
46655
46572
46518
46517
46503
46472
46441
46418
46354
46350
46235
46231
46229
46226
46211
46192
46184
46156
46092
46074
46065
46040
45984
45975
45969
45959
45927
45926
45904
45892
14225
45840
45835
45829
33416
45792
45752
45742
45741
45737
45691
45652
45534
45470
45465
45422
45413
45409
45346
45335
45323
45317
45308
45295
45245
45215
45186
45181
45179
45176
45154
45134
45132
45123
45093
45092
45076
45074
45018
45010
44962
44936
44931
44920
38722
44902
44891
44878
44843
44820
44762
44741
44643
44639
44631
44625
44604
44562
44540
44538
44518
44504
1268
44498
44444
44442
44422
44408
44317
44311
44295
44266
44255
44212
44201
44159
44097
44090
30061
44072
44071
44045
44037
44026
44023
44006
44002
44000
43998
43994
43963
43934
7108
43925
43904
43883
43880
43876
43840
43806
43797
30454
43777
43748
43744
43736
43727
43698
43696
43690
43673
22190
43661
43653
43651
43595
43558
43519
43464
43463
43461
43439
43436
43360
43330
43325
43283
43229
43204
43181
43162
43157
43154
43119
43103
43101
43075
43016
42980
42972
42940
42922
42917
42911
42909
42892
42864
42842
42832
42830
42829
42824
42817
42731
42700
16758
42695
31800
42670
42663
42660
42613
35515
23064
28369
42598
42584
42562
42551
42527
42501
42453
42383
42379
42350
42343
42337
42316
42296
35490
42282
42279
42242
42235
20048
42230
42197
42130
42118
42086
11821
42065
42063
42057
42043
42041
42036
42023
14444
42022
42019
42008
41942
41941
41853
41833
41830
41826
41815
41786
41779
41748
41686
41683
41665
41611
41597
41540
41533
41486
41463
41459
41439
41411
41402
41382
41377
41352
41302
41291
41289
41248
41239
41172
41136
41126
41122
41109
41057
41054
41041
41039
9401
41032
41027
41023
41010
40992
40987
40986
40957
40948
40905
40867
40865
40861
40824
40744
40715
40704
40694
40678
40646
25644
40640
40634
40626
40616
40606
40604
37840
40603
40587
40569
40556
40522
40516
40514
40504
40499
40476
40455
40421
40391
40387
40373
40272
40256
40250
40213
40207
40181
40163
40129
40080
40078
40058
40043
40030
40002
39995
39957
39952
39950
39942
39932
39913
39866
39859
39857
39844
39788
39779
39753
39748
39721
39670
39650
39647
39584
39576
39571
39508
39486
39485
39444
39408
39391
39365
34346
39342
39295
39287
39281
39241
39236
39223
39206
16958
39202
39198
39182
39146
39139
39113
39103
39061
39047
39036
39016
39014
38994
38990
38979
31482
38926
38925
38900
38896
38854
38848
38845
35079
38794
38783
38755
38732
38720
38696
38693
38691
38672
38650
38617
13631
38591
38580
38571
38528
38499
38492
38489
4620
38481
38474
38470
38449
38432
38417
38369
23303
38288
38261
38256
38250
38231
38212
38189
38145
38139
38120
38096
38074
38023
37991
37967
37966
37956
37953
37937
37905
37852
37845
37841
37824
37815
37757
37700
37668
37617
37541
37524
37514
37464
37449
37439
37438
37421
37374
37358
37329
37280
37249
3079
37239
37221
37207
37178
37145
37142
37139
37132
37116
37088
37075
20471
37048
37047
37042
37039
37033
36995
36993
36925
36922
36882
36843
36807
36786
21141
36775
36765
36739
36716
36701
36694
36690
36680
36677
36674
36672
36662
36623
36622
36616
10878
36614
36613
36589
36582
36580
36578
36538
36536
36526
36524
36511
36503
376
36494
36491
36416
36407
36354
36339
36312
36282
36264
36193
36171
36157
36113
36109
36084
36068
36014
36010
35950
35919
35896
35892
35880
35861
35826
35783
35736
35724
35722
35712
35710
35680
35669
35628
35614
35612
35571
35563
35537
35521
35499
35468
35434
35421
35408
35388
35370
35349
16379
35337
35311
35304
35301
35237
35218
35198
35185
35181
35164
35159
35154
35108
35072
35055
35039
35000
34997
34992
34964
34960
34945
34936
34934
34930
34920
34891
34887
34885
34870
34857
34825
34817
34801
34797
34785
34783
34779
34750
34741
34739
34714
34659
34638
34605
34568
34562
34521
34518
34488
34485
34479
34455
34450
34404
34376
34314
34290
34278
34260
34244
34227
34176
34171
34160
15897
34141
27374
34133
34125
34124
34096
34083
34075
34072
34071
33996
33993
33969
33862
33853
33852
33833
33817
33779
33740
33700
33691
33625
33612
33540
33455
33438
33364
30769
33337
33320
33316
33292
14601
33264
33241
33206
33143
33109
33095
33069
33047
33026
32950
32945
32921
32910
32908
32906
32901
32872
32870
32853
32849
32824
11459
32817
17753
32793
32792
32786
32781
32774
32709
32675
32674
32666
32656
32592
32587
32575
5987
32563
32503
32500
32496
32483
32477
32457
32444
32411
32394
32386
32348
32283
32275
32267
32264
32239
32219
32198
32193
19064
32183
32155
32140
32115
32112
32104
32102
17312
32087
32064
32060
32037
32018
31991
31978
24799
31886
31877
31867
31855
31837
31825
29668
31775
31768
31764
31760
31743
31741
31678
31660
31594
31563
31530
31500
31466
31432
25518
31393
31389
31355
31333
31306
31293
31276
31261
31246
31243
31218
31158
31117
31113
31104
31103
31070
31066
31037
31011
31000
30981
30966
30957
30947
30943
30941
30936
30916
30902
30869
30834
30803
30773
30730
30728
30688
30614
30612
30607
30603
30600
30599
30584
30581
30507
30473
30458
30439
30404
30396
30353
30351
30339
30242
30195
30164
30135
30120
30116
30114
30109
30081
30078
24137
30058
2008
30052
30011
29860
2618
29980
29965
29918
29905
29903
29896
29892
29884
29869
29818
29793
29734
29721
29714
29677
29658
29655
29622
29583
29555
29541
29519
29517
29516
29513
29493
29475
22027
29466
29445
29423
29409
29394
29384
29365
29352
29333
29320
29310
29289
29286
29273
29259
29233
29232
29207
29169
29162
29149
29145
29140
29119
29085
29075
29072
29061
29054
29050
29010
28986
28957
28954
28897
28889
28875
28861
28839
7808
28828
28790
28786
28763
28756
28753
28742
28729
28723
28722
28658
28601
28595
28590
28585
28554
28515
22871
28513
28505
28464
28435
28407
28383
28368
28319
28316
28302
28248
28211
28182
28166
28156
28150
28147
28121
28070