750
861 979
511 363
339 558
415 635
953 818
469 418
721 180
841 967
962
204 600
130 824
991 961
716 337
800 248
408 445
405 492
105 898
796 97
872 957
372 496
825 46
797 84
915 876
409 427
236 731
413 659
51 916
894 974
903 930
156 918
50
995 968
401 683
270 720
723
984 810
275
837 54
454 607
155 788
612 331
169 696
40 58
91 892
521 324
856 117
814 79
936
482 510
937 838
977 131
365 503
805 102
817 191
840 185
114 750
982 981
744 152
808 246
853 965
553 306
244 595
297 759
133 806
289 564
231 773
932 161
609 226
272
321 710
993 928
513 542
157 911
242 598
522 527
620 419
394 636
304 717
327 668
705 116
12 85
471 398
862 958
407 580
735 295
765 269
835 996
525 428
101 901
118 749
458 589
44 909
99 828
146 753
581 253
438 634
20 980
414 577
182 882
8 999
368 666
509
557
674 432
23
960 64
664 171
896
737 126
832 224
544 484
619 207
285 789
67 904
929 68
534 266
490 529
26 941
345 628
802
615 221
801 55
617 466
947 834
108 783
341 523
475 552
115 0
18 769
27 945
162 699
249 587
852
866 95
795 104
474 338
681 168
833 2
243 752
318 676
444 630
183 603
195 782
714 310
151 715
891 949
470 403
622 198
695 160
847 53
670 399
200 762
262 578
661 190
94 798
392 449
153 883
344 512
456
147 919
459 353
437 375
794 59
388 599
286
78
964
605
885 69
820
813 237
144 927
677
196
436
973 36
134 934
386 685
686 395
846 175
939
10 946
31 940
751 264
165 711
740 291
770 257
252 590
481 548
461 586
376 660
494 498
124 758
743
6 774
912 206
336 579
80 57
675 143
537 487
652
645
434 465
572 366
88 902
137 793
52 897
528 288
812
988 119
566 238
199 657
72 868
154
701 384
81
450
726 335
452 608
703 343
497
524 476
858 215
881 214
290 582
997
109
543 322
629
350 563
588
583 359
256 700
259 816
760 71
857 96
49 910
150 884
571 385
383 637
644
309
93 37
956 158
573 234
483
873 86
836
307 698
188 871
371 601
718
697 128
665 417
273 585
247
255
173 684
662 218
624 172
15 985
373 501
189
724
201
889
263 568
443 545
455 535
382 495
879 76
125
951
570
241
763 123
129 990
952 47
22
775
906
887
197
30 82
325
518 464
638
706
447 618
113
287
211
38
423
756
899
890
493
424 631
422 632
127
217
625 280
986
736
426 478
920 65
728
653 223
472
725
907
688
92
547 250
514
222
480
745
451
803
457
32 66
181
546
149
532
227 651
877
260
145
768
643 271
410 633
943 61
562 390
329
90
314
4
880
922
729
746
106
283
732
504
942
381
848
138 781
387
507
28
302
367
355 517
969
294
623
502
468
216
689 163
499
179
364
473
360
254
277
361
778
332
416
888
702
348
551
219
924
89
300
393
225
815
467
139
550
187
301
488
330 709
567
596
485
13
606
230
616
479
761
251
663
870
508
539
406
446
19
391
908
950
397
87
561
70
98
347
893
626
779
963
402 673
313
531
559
831
555
913
320
83
860
5
948
792
867
328
228
281
994
193
855
25
602
296
166
864
404
370
159
500
647
755
184
11
921
821
954
34
433
41
349
771
560
576
3
541
777
148
411
103
267
692
739
48
935
757
654
549
679
819
9
60
878
829
704
279
178
839
923
439
648
292
650
641
992
356
933
830
594
712
845
972
463
905
844
823
265
799
167
208
73
931
530
627
203
21
435
268
516
229
682
35
358
233
900
533
742
245
210
319
429
462
707
305
613
727
142
202
998
352
389
232
400
120
235
519
669
865
786
708
886
311
610
614
7
926
754
298
597
284
536
369
554
111
526
604
713
584
412
987
213
442
29
39
342
362
440
719
944
671
776
303
261
591
863
693
656
849
687
851
212
174
240
299
278
970
575
378
460
874
787
421
925
430
333
45
811
396
850
209
62
140
63
505
176
658
177
312
136
121
540
24
100
826
77
809
380
122
804
827
978
722
807
574
274
377
346
611
741
869
453
875
486
690
790
842
592
14
975
593
822
843
966
315
506
334
132
112
785
186
75
239
738
56
680
205
520
983
354
989
556
733
667
326
791
220
976
491
107
258
351
357
317
691
971
859
340
959
323
489
110
293
938
694
854
565
955
538
640
784
646
141
780
164
515
678
747
621
316
730
672
374
425
655
649
441
766
748
734
642
917
43
767
639
74
569
895
420
477
33
448
914
1
192
308
282
276
42
194
135
16
17
772
764
431
379
170
