750
1
866 95
28
534 266
373 501
355 517
984 810
947 834
891 949
872 957
841 967
833 2
612 331
572 366
490 529
321 710
297 759
188 871
144 927
134 934
988 119
674 432
544 484
368 666
929 68
873 86
386 685
195 782
67 904
615 221
108 783
88 902
998
997
969
926
914
819
792
723
706
677
658
638
539
530
435
404
367
329
300
299
298
292
268
192
189
90
83
81
4
973 36
952 47
943 61
920 65
879 76
857 96
805 102
763 123
737 126
695 160
689 163
681 168
664 171
624 172
622 198
609 226
573 234
566 238
547 250
528 288
474 338
459 353
437 375
434 465
426 478
405 492
382 495
365 503
350 563
336 579
290 582
273 585
252 590
244 595
227 651
199 657
173 684
165 711
151 715
146 753
124 758
18 769
6 774
953 818
937 838
915 876
903 930
862 958
853 965
835 996
825 46
801 55
794 59
760 71
705 116
697 128
675 143
662 218
653 223
643 271
625 280
583 359
571 385
562 390
525 428
518 464
443 545
414 577
407 580
388 599
371 601
345 628
330 709
285 789
259 816
182 882
157 911
156 918
147 919
129 990
115 0
93 37
80 57
40 58
32 66
30 82
12 85
977 131
956 158
932 161
912 206
881 214
858 215
832 224
808 246
800 248
770 257
765 269
726 335
716 337
703 343
701 384
537 487
494 498
482 510
455 535
454 607
452 608
444 630
424 631
422 632
410 633
394 636
383 637
376 660
327 668
318 676
307 698
304 717
270 720
236 731
231 773
138 781
137 793
133 806
130 824
99 828
72 868
52 897
49 910
993 928
991 961
982 981
960 64
885 69
856 117
846 175
840 185
817 191
813 237
751 264
740 291
735 295
714 310
686 395
670 399
665 417
620 419
617 466
524 476
522 527
513 542
481 548
475 552
461 586
458 589
447 618
438 634
415 635
413 659
402 673
401 683
256 700
243 752
200 762
155 788
153 883
150 884
105 898
101 901
44 909
31 940
26 941
10 946
995 968
894 974
861 979
847 53
837 54
814 79
797 84
796 97
795 104
744 152
721 180
661 190
619 207
581 253
553 306
543 322
521 324
511 363
471 398
470 403
469 418
409 427
408 445
392 449
372 496
344 512
341 523
339 558
289 564
263 568
262 578
249 587
242 598
204 600
183 603
169 696
162 699
118 749
114 750
94 798
91 892
51 916
27 945
20 980
15 985
8 999
994
992
989
987
986
983
978
976
975
972
971
970
966
964
963
962
959
955
954
951
950
948
944
942
939
938
936
935
933
931
925
924
923
922
921
917
913
908
907
906
905
900
899
896
895
893
890
889
888
887
886
880
878
877
875
874
870
869
867
865
864
863
860
859
855
854
852
851
850
849
848
845
844
843
842
839
836
831
830
829
827
826
823
822
821
820
815
812
811
809
807
804
803
802
799
791
790
787
786
785
784
780
779
778
777
776
775
772
771
768
767
766
764
761
757
756
755
754
748
747
746
745
743
742
741
739
738
736
734
733
732
730
729
728
727
725
724
722
719
718
713
712
708
707
704
702
694
693
692
691
690
688
687
682
680
679
678
672
671
669
667
663
656
655
654
652
650
649
648
647
646
645
644
642
641
640
639
629
627
626
623
621
616
614
613
611
610
606
605
604
602
597
596
594
593
592
591
588
584
576
575
574
570
569
567
565
561
560
559
557
556
555
554
551
550
549
546
541
540
538
536
533
532
531
526
520
519
516
515
514
509
508
507
506
505
504
502
500
499
497
493
491
489
488
486
485
483
480
479
477
473
472
468
467
463
462
460
457
456
453
451
450
448
446
442
441
440
439
436
433
431
430
429
425
423
421
420
416
412
411
406
400
397
396
393
391
389
387
381
380
379
378
377
374
370
369
364
362
361
360
358
357
356
354
352
351
349
348
347
346
342
340
334
333
332
328
326
325
323
320
319
317
316
315
314
313
312
311
309
308
305
303
302
301
296
294
293
287
286
284
283
282
281
279
278
277
276
275
274
272
267
265
261
260
258
255
254
251
247
245
241
240
239
235
233
232
230
229
228
225
222
220
219
217
216
213
212
211
210
209
208
205
203
202
201
197
196
194
193
187
186
184
181
179
178
177
176
174
170
167
166
164
159
154
149
148
145
142
141
140
139
136
135
132
127
125
122
121
120
113
112
111
110
109
107
106
103
100
98
92
89
87
78
77
75
74
73
70
63
62
60
56
50
48
45
43
42
41
39
38
35
34
33
29
25
24
23
22
21
19
17
16
14
13
11
9
7
5
3
